4294967279,538
4294967279,306
4294967278,268
4294967278,444
4294967278,333
926,6
926,5
926,4
926,3
926,2
926,1
4294967294,198
4294967294,437
4294967278,423
923,5
923,4
923,3
923,2
923,1
4294967278,272
921,5
921,4
921,3
921,2
921,1
4294967278,271
919,6
919,5
919,4
919,3
919,2
919,1
4294967294,392
918,5
918,4
918,3
918,2
918,1
4294967278,425
917,5
917,4
917,3
917,2
917,1
4294967279,314
4294967279,313
916,5
916,4
916,3
916,2
916,1
914,4
914,3
914,2
914,1
4294967278,275
4294967278,418
4294967278,280
4294967279,353
4294967279,27
4294967279,517
4294967279,20
4294967279,19
4294967279,17
4294967279,16
4294967278,442
4294967279,310
913,6
913,5
913,4
4294967279,239
913,3
913,2
913,1
4294967279,551
4294967279,352
4294967279,231
4294967279,574
4294967279,213
4294967279,309
4294967279,320
910,5
910,4
910,2
910,1
4294967279,308
908,5
908,4
908,3
908,2
908,1
906,6
4294967278,322
906,5
906,4
4294967278,177
906,3
906,2
906,1
905,5
905,4
905,3
905,2
905,1
4294967294,396
4294967294,113
4294967279,307
904,5
904,4
904,3
904,2
904,1
903,5
903,4
903,3
903,2
903,1
4294967279,143
901,4
901,3
901,2
901,1
4294967278,274
4294967278,259
4294967278,321
4294967279,305
4294967279,304
4294967278,398
4294967279,88
4294967278,212
4294967278,208
900,6
4294967279,208
900,5
900,4
4294967279,207
900,3
900,2
900,1
4294967279,285
897,5
897,4
897,2
897,1
4294967279,179
4294967278,178
4294967279,178
4294967294,395
4294967294,167
4294967294,467
4294967279,173
4294967278,172
895,5
895,4
895,3
895,2
895,1
4294967294,997
4294967294,190
4294967294,163
893,6
893,5
893,4
893,3
893,2
893,1
892,5
892,4
892,3
892,2
892,1
4294967278,142
891,5
891,4
891,3
891,2
891,1
4294967279,303
890,5
890,4
890,3
890,2
890,1
4294967294,387
4294967278,273
4294967279,279
4294967278,270
888,4
888,3
888,2
888,1
4294967279,534
4294967278,446
4294967278,445
4294967294,108
4294967294,451
4294967294,175
4294967279,214
4294967279,571
4294967278,233
4294967294,1004
887,6
887,5
887,4
887,3
887,2
887,1
4294967279,219
4294967279,203
884,5
884,4
884,2
884,1
4294967278,421
882,5
882,4
882,3
882,2
882,1
880,6
880,5
880,4
880,3
880,2
880,1
4294967294,454
879,5
879,4
879,3
879,2
879,1
878,5
878,4
878,3
878,2
878,1
4294967278,395
4294967279,151
877,5
877,4
877,3
877,2
877,1
4294967279,142
4294967278,143
875,4
875,3
875,2
875,1
4294967294,89
4294967278,402
4294967278,266
874,6
874,5
874,4
874,3
874,2
874,1
4294967278,409
4294967294,111
4294967278,434
871,5
871,4
871,2
871,1
4294967294,389
4294967279,198
869,5
869,4
869,3
869,2
869,1
4294967279,194
867,6
867,5
867,4
867,3
867,2
867,1
4294967294,485
866,5
866,4
866,3
866,2
866,1
865,5
865,4
865,3
865,2
865,1
864,5
864,4
864,3
864,2
864,1
4294967279,299
862,4
862,3
862,2
862,1
4294967294,164
4294967294,405
4294967278,263
4294967279,133
4294967279,295
4294967279,280
4294967278,368
4294967279,257
4294967278,443
861,6
861,5
861,4
861,3
861,2
861,1
4294967278,241
4294967279,294
4294967278,440
858,5
858,4
858,2
858,1
856,5
856,4
856,3
856,2
856,1
854,6
4294967294,484
854,5
854,4
854,3
854,2
854,1
853,5
853,4
853,3
853,2
853,1
852,5
852,4
852,3
852,2
852,1
851,5
851,4
4294967279,172
851,3
851,2
851,1
4294967294,483
4294967279,566
4294967294,393
4294967294,114
849,4
849,3
849,2
849,1
4294967294,169
4294967278,235
4294967278,174
4294967294,37
848,6
848,5
848,4
848,3
848,2
848,1
4294967294,1010
4294967279,237
4294967279,227
4294967278,224
845,5
845,4
845,2
845,1
4294967294,40
4294967279,201
4294967279,289
4294967279,199
4294967278,194
843,5
843,4
843,3
843,2
843,1
4294967279,528
841,6
4294967294,482
841,5
841,4
841,3
841,2
841,1
4294967294,115
4294967278,252
840,5
4294967294,999
4294967294,390
4294967294,128
4294967294,186
840,4
840,3
840,2
840,1
839,5
839,4
839,3
839,2
839,1
4294967294,176
4294967294,1002
4294967279,162
838,5
4294967278,160
838,4
838,3
838,2
838,1
4294967279,152
4294967278,148
836,4
836,3
836,2
836,1
4294967278,147
4294967278,337
4294967278,433
4294967278,304
4294967278,432
835,6
835,5
835,4
835,3
835,2
835,1
4294967279,323
4294967294,183
4294967294,180
4294967279,287
832,5
832,4
832,2
832,1
830,5
830,4
830,3
830,2
830,1
4294967294,99
4294967294,76
4294967278,204
828,6
4294967278,431
828,5
828,4
828,3
828,2
828,1
4294967294,195
827,5
827,4
827,3
827,2
827,1
4294967278,255
4294967279,315
4294967278,184
826,5
826,4
826,3
826,2
826,1
4294967279,286
4294967278,387
825,5
825,4
825,3
825,2
825,1
4294967294,44
4294967294,45
4294967294,107
823,4
823,3
823,2
823,1
4294967279,565
4294967279,284
4294967278,251
4294967294,1417
4294967294,91
4294967294,86
4294967294,85
4294967294,1015
4294967294,427
4294967279,529
4294967294,9
4294967294,8
4294967294,50
4294967294,146
4294967294,52
4294967294,1416
4294967294,43
4294967294,417
4294967294,51
4294967294,39
4294967294,42
4294967279,527
4294967294,81
4294967294,82
4294967294,1414
4294967294,83
4294967294,68
4294967294,11
4294967294,92
4294967294,88
4294967278,132
4294967278,131
4294967278,130
4294967278,129
4294967278,128
4294967278,127
4294967278,126
4294967278,125
4294967278,124
4294967278,123
4294967278,122
4294967278,121
4294967278,119
4294967278,118
4294967278,117
4294967278,116
4294967278,115
4294967278,114
4294967278,113
4294967278,112
4294967278,111
4294967278,110
4294967278,109
4294967278,108
4294967278,107
4294967278,106
4294967278,105
4294967278,104
4294967278,103
4294967278,102
4294967278,101
4294967278,100
4294967278,99
4294967278,98
4294967278,97
4294967278,96
4294967278,95
4294967278,94
4294967278,93
4294967278,92
4294967278,91
4294967278,90
4294967278,89
4294967278,87
4294967278,86
4294967278,347
4294967278,85
4294967278,84
4294967278,83
4294967278,82
4294967278,81
4294967278,80
4294967278,79
4294967278,78
4294967278,77
4294967278,76
4294967278,75
4294967278,74
4294967278,73
4294967278,72
4294967278,71
4294967278,70
4294967278,69
4294967278,68
4294967278,67
4294967278,66
4294967278,65
4294967278,64
4294967278,63
4294967278,62
4294967278,61
4294967279,81
4294967279,79
4294967279,72
4294967279,71
4294967279,70
4294967279,64
4294967279,63
4294967279,59
4294967279,56
4294967279,54
4294967279,51
4294967279,48
4294967279,47
4294967279,34
4294967279,18
4294967279,15
4294967279,6
4294967279,4
4294967279,41
4294967279,339
4294967279,39
4294967279,36
4294967279,32
4294967279,281
4294967279,260
4294967279,29
822,6
822,5
4294967279,136
822,4
4294967278,136
822,3
822,2
822,1
4294967278,354
4294967279,8
4294967279,7
4294967294,205
4294967279,5
4294967278,383
819,5
819,4
819,2
819,1
4294967278,340
4294967278,246
817,5
817,4
817,3
817,2
817,1
815,6
4294967279,223
4294967279,221
815,5
815,4
815,3
815,2
815,1
814,5
814,4
814,3
814,2
814,1
813,5
813,4
813,3
813,2
813,1
812,5
812,4
812,3
812,2
812,1
810,4
810,3
810,2
810,1
4294967279,278
4294967294,18
4294967294,127
4294967294,14
4294967294,126
4294967294,20
4294967294,13
4294967279,276
4294967278,293
4294967279,557
4294967294,1415
4294967294,399
4294967294,411
809,6
809,5
809,4
809,3
809,2
809,1
4294967278,133
4294967278,276
806,5
806,4
806,2
806,1
4294967278,262
804,5
804,4
804,3
804,2
804,1
4294967278,357
4294967279,570
802,6
4294967278,250
4294967279,0
802,5
802,4
802,3
802,2
802,1
801,5
801,4
801,3
801,2
801,1
4294967278,230
4294967278,228
4294967294,6
800,5
800,4
800,3
800,2
800,1
4294967278,397
4294967279,341
799,5
799,4
799,3
799,2
799,1
4294967278,205
797,4
797,3
797,2
797,1
4294967294,420
4294967294,460
4294967278,243
796,6
796,5
796,4
796,3
796,2
796,1
4294967278,428
4294967278,140
793,5
793,4
793,2
793,1
791,5
791,4
791,3
791,2
791,1
789,6
789,5
789,4
789,3
789,2
789,1
788,5
788,4
788,3
788,2
788,1
4294967294,1008
4294967279,245
4294967278,238
787,5
787,4
787,3
787,2
787,1
786,5
4294967279,229
786,4
786,3
786,2
786,1
4294967279,225
4294967279,217
4294967278,214
4294967278,213
784,4
784,3
784,2
784,1
4294967279,556
4294967279,380
4294967278,120
4294967278,260
4294967279,25
4294967279,11
4294967278,328
4294967279,526
4294967278,389
4294967279,374
4294967278,419
783,6
783,5
783,4
783,3
783,2
783,1
4294967279,377
4294967278,417
4294967279,375
4294967279,533
4294967279,372
4294967278,413
4294967279,157
780,5
780,4
780,2
780,1
4294967294,1418
4294967279,302
778,5
778,4
778,3
778,2
778,1
776,6
776,5
776,4
776,3
776,2
776,1
4294967278,415
4294967294,1006
4294967294,193
4294967278,414
4294967278,0
775,5
775,4
775,3
775,2
775,1
774,5
774,4
774,3
774,2
774,1
773,5
4294967279,549
773,4
773,3
773,2
773,1
4294967279,250
4294967278,253
4294967279,366
771,4
771,3
771,2
771,1
4294967278,363
4294967278,408
4294967278,330
4294967278,392
4294967278,239
4294967278,406
4294967279,326
4294967278,393
4294967294,453
4294967278,217
770,6
770,5
770,4
